Box_id: 114
[1582, 458, 1624, 514]
[1607, 456, 1639, 509]
Box_id: 124
[414, 130, 437, 162]
[431, 125, 452, 152]
Box_id: 129
[445, 74, 533, 190]
[488, 97, 540, 171]
Box_id: 219
[169, 212, 191, 261]
[177, 216, 203, 257]
Box_id: 330
[797, 264, 920, 413]
[780, 269, 889, 382]
Box_id: 338
[447, 161, 483, 211]
[426, 166, 463, 208]
Box_id: 391
[1485, 528, 1566, 635]
[1462, 515, 1542, 639]
Box_id: 414
[1030, 204, 1044, 233]
[1039, 208, 1060, 243]
Box_id: 424
[111, 212, 185, 322]
[158, 240, 208, 321]
Box_id: 436
[178, 196, 205, 235]
[159, 207, 192, 251]
Box_id: 438
[414, 420, 474, 499]
[404, 431, 459, 520]
Box_id: 504
[1288, 512, 1332, 567]
[1311, 498, 1350, 546]
Box_id: 536
[134, 70, 191, 140]
[163, 91, 203, 142]
Box_id: 567
[788, 84, 859, 175]
[808, 78, 877, 177]
Box_id: 585
[754, 217, 767, 238]
[764, 220, 776, 237]
Box_id: 657
[1701, 200, 1733, 253]
[1683, 188, 1721, 239]
Box_id: 670
[2723, 1055, 2810, 1170]
[2669, 1064, 2744, 1159]
Box_id: 685
[450, 106, 466, 138]
[442, 103, 456, 129]
Box_id: 750
[2357, 778, 2859, 1537]
[2711, 899, 3119, 1564]
Box_id: 853
[624, 230, 745, 403]
[586, 263, 661, 375]
Box_id: 936
[534, 351, 550, 374]
[546, 349, 559, 372]
Box_id: 941
[638, 410, 705, 498]
[642, 423, 729, 543]
Box_id: 946
[823, 44, 846, 81]
[841, 47, 856, 71]
Box_id: 960
[436, 146, 503, 240]
[473, 168, 542, 259]
Box_id: 1017
[411, 784, 434, 816]
[402, 791, 419, 816]
Box_id: 1109
[4643, 1050, 4802, 1281]
[4565, 1118, 4711, 1323]
Box_id: 1127
[1349, 1062, 1387, 1116]
[1377, 1061, 1412, 1109]
Box_id: 1144
[922, 864, 955, 983]
[945, 925, 987, 998]
Box_id: 1223
[0, 1098, 326, 1691]
[72, 873, 506, 1455]
Box_id: 1229
[3777, 777, 3916, 969]
[3737, 770, 3850, 917]
Box_id: 1263
[323, 326, 365, 417]
[305, 370, 349, 421]
Box_id: 1296
[2361, 568, 2484, 724]
[2420, 564, 2545, 712]
Box_id: 1424
[497, 1489, 531, 1569]
[474, 1527, 521, 1601]
Box_id: 1472
[1339, 350, 1353, 368]
[1334, 332, 1351, 360]
Box_id: 1494
[1018, 373, 1042, 404]
[1003, 353, 1033, 389]
Box_id: 1513
[251, 177, 261, 194]
[258, 177, 268, 191]
Box_id: 1534
[167, 120, 210, 181]
[182, 78, 237, 164]
Box_id: 1655
[307, 262, 334, 290]
[298, 270, 319, 297]
Box_id: 1681
[1238, 437, 1412, 676]
[1169, 371, 1339, 637]
Box_id: 1742
[849, 413, 880, 450]
[861, 420, 884, 457]
Box_id: 1806
[152, 121, 227, 253]
[169, 122, 243, 215]
Box_id: 1827
[751, 301, 780, 347]
[752, 305, 779, 347]
Box_id: 1859
[956, 459, 969, 473]
[948, 455, 961, 471]
Box_id: 1885
[975, 432, 1032, 553]
[940, 395, 1022, 505]
Box_id: 1920
[1469, 117, 1563, 230]
[1483, 164, 1566, 282]
Box_id: 1972
[921, 508, 1030, 570]
[943, 517, 1046, 588]
Box_id: 2074
[237, 440, 271, 493]
[243, 417, 277, 467]
Box_id: 2100
[1068, 530, 1086, 551]
[1079, 520, 1091, 539]
Box_id: 2110
[896, 864, 978, 973]
[953, 826, 1027, 933]
Box_id: 2196
[362, 230, 400, 271]
[376, 210, 418, 261]
Box_id: 2221
[559, 472, 573, 491]
[568, 464, 580, 482]
Box_id: 2249
[234, 193, 269, 235]
[580, 31, 589, 56]
[573, 35, 586, 52]
[245, 180, 277, 221]
Box_id: 2308
[296, 337, 310, 366]
[307, 349, 322, 371]
Box_id: 2373
[101, 582, 111, 598]
[110, 584, 118, 599]
Box_id: 2374
[533, 506, 567, 557]
[521, 494, 548, 536]
Box_id: 2418
[1747, 670, 1830, 768]
[1777, 628, 1865, 731]
Box_id: 2427
[1428, 124, 1474, 191]
[1405, 118, 1461, 230]
Box_id: 2497
[117, 239, 129, 255]
[120, 245, 133, 267]
Box_id: 2562
[714, 614, 726, 661]
[699, 599, 736, 646]
Box_id: 2575
[831, 571, 863, 617]
[849, 553, 884, 599]
Box_id: 2706
[282, 43, 307, 74]
[297, 49, 321, 81]
Box_id: 2707
[1116, 375, 1141, 404]
[1130, 376, 1152, 408]
Box_id: 2715
[94, 147, 119, 173]
[108, 144, 126, 167]
Box_id: 2719
[378, 236, 412, 284]
[395, 215, 438, 274]
Box_id: 2729
[216, 234, 239, 269]
[227, 242, 250, 272]
Box_id: 2738
[948, 172, 1006, 244]
[977, 192, 1032, 274]
Box_id: 2774
[1829, 1042, 2050, 1355]
[1924, 1060, 2090, 1300]
Box_id: 2793
[396, 169, 403, 185]
[402, 171, 411, 190]
Box_id: 2808
[465, 364, 484, 397]
[465, 356, 486, 388]
Box_id: 2874
[706, 226, 717, 247]
[713, 229, 726, 253]
Box_id: 2887
[447, 87, 474, 141]
[427, 114, 469, 153]
Box_id: 3145
[530, 496, 583, 578]
[554, 491, 601, 564]
Box_id: 3167
[1901, 1563, 1993, 1694]
[1931, 1580, 2004, 1681]
Box_id: 3176
[140, 172, 156, 192]
[136, 171, 147, 189]
Box_id: 3222
[542, 609, 552, 625]
[529, 600, 547, 624]
Box_id: 3230
[1123, 372, 1157, 416]
[1112, 365, 1133, 399]
Box_id: 3281
[638, 1341, 718, 1453]
[585, 1388, 673, 1493]
Box_id: 3290
[318, 1907, 357, 1962]
[321, 1866, 372, 1928]
Box_id: 3293
[1190, 379, 1206, 416]
[1192, 369, 1218, 408]
Box_id: 3381
[661, 627, 680, 660]
[652, 640, 668, 665]
Box_id: 3414
[147, 257, 163, 278]
[139, 264, 153, 281]
Box_id: 3523
[426, 378, 474, 440]
[415, 374, 445, 419]
Box_id: 3630
[259, 141, 285, 172]
[275, 152, 297, 184]
Box_id: 3825
[1825, 2033, 1881, 2112]
[1856, 2038, 1894, 2088]
Box_id: 3849
[800, 212, 820, 250]
[799, 196, 818, 235]
Box_id: 3986
[115, 363, 143, 398]
[133, 361, 159, 387]
Box_id: 4073
[354, 120, 389, 173]
[373, 117, 402, 161]
Box_id: 4088
[489, 503, 511, 536]
[502, 515, 525, 540]
Box_id: 4099
[736, 97, 771, 140]
[747, 65, 792, 124]
Box_id: 4133
[2628, 825, 2728, 959]
[2679, 760, 2788, 919]
Box_id: 4227
[166, 180, 187, 208]
[177, 174, 198, 201]
Box_id: 4270
[4216, 1601, 4455, 1956]
[4130, 1594, 4331, 1863]
Box_id: 4278
[1265, 1628, 1435, 1885]
[1241, 1740, 1321, 1871]
Box_id: 4295
[3733, 1290, 3861, 1477]
[3667, 1370, 3769, 1505]
Box_id: 4309
[50, 186, 67, 214]
[60, 169, 76, 199]
Box_id: 4318
[436, 447, 459, 466]
[434, 441, 458, 459]
Box_id: 4320
[817, 130, 843, 161]
[831, 138, 857, 175]
Box_id: 4377
[308, 115, 327, 140]
[319, 114, 333, 133]
Box_id: 4403
[495, 128, 525, 168]
[500, 132, 526, 168]
Box_id: 4562
[127, 482, 222, 618]
[187, 504, 245, 573]
[1201, 459, 1280, 582]
[1241, 442, 1312, 556]
Box_id: 4579
[487, 327, 561, 421]
[501, 302, 560, 386]
Box_id: 4593
[866, 179, 941, 298]
[840, 192, 916, 273]
Box_id: 4616
[682, 242, 704, 275]
[673, 239, 709, 277]
Box_id: 4618
[553, 477, 598, 534]
[582, 506, 609, 538]
Box_id: 4633
[195, 591, 208, 614]
[206, 599, 218, 614]
Box_id: 4679
[4023, 1026, 4297, 1343]
[4186, 910, 4409, 1206]
Box_id: 4684
[402, 189, 422, 218]
[415, 195, 438, 230]
Box_id: 4693
[2545, 815, 2600, 879]
[2515, 796, 2571, 864]
Box_id: 4695
[86, 228, 115, 265]
[107, 228, 129, 258]
Box_id: 4796
[551, 172, 563, 190]
[545, 168, 554, 178]
Box_id: 4828
[509, 415, 538, 453]
[526, 396, 548, 441]
[652, 421, 671, 452]
[656, 412, 676, 441]
Box_id: 4841
[404, 235, 494, 280]
[380, 209, 464, 263]
Box_id: 5152
[160, 123, 180, 149]
[152, 132, 168, 155]
Box_id: 5245
[1948, 1199, 2010, 1283]
[1982, 1180, 2052, 1267]
Box_id: 5261
[620, 120, 655, 173]
[631, 96, 666, 139]
Box_id: 5266
[413, 535, 441, 600]
[391, 566, 421, 609]
Box_id: 5278
[377, 216, 388, 230]
[382, 209, 394, 223]
Box_id: 5330
[274, 337, 299, 367]
[286, 348, 307, 374]
Box_id: 5386
[269, 130, 277, 141]
[274, 130, 282, 143]
Box_id: 5416
[85, 140, 100, 160]
[97, 146, 111, 165]
Box_id: 5455
[96, 883, 189, 1007]
[157, 915, 238, 1014]
Box_id: 5479
[397, 196, 406, 205]
[396, 198, 402, 208]
Box_id: 5579
[339, 381, 459, 545]
[388, 416, 478, 536]
Box_id: 5654
[914, 485, 948, 536]
[900, 470, 939, 516]
Box_id: 5663
[964, 452, 987, 483]
[950, 468, 974, 496]
[1154, 858, 1208, 920]
[1169, 817, 1227, 895]
Box_id: 5708
[241, 242, 265, 280]
[252, 230, 279, 266]
Box_id: 5732
[314, 162, 348, 205]
[333, 159, 364, 201]
Box_id: 5742
[560, 316, 572, 342]
[568, 304, 587, 331]
[695, 304, 713, 330]
[703, 296, 718, 323]
Box_id: 5780
[905, 561, 974, 670]
[364, 548, 407, 617]
[356, 570, 397, 633]
[880, 537, 935, 600]
Box_id: 5875
[1085, 182, 1162, 289]
[1135, 164, 1210, 258]
Box_id: 5889
[1565, 1191, 1632, 1268]
[1584, 1184, 1680, 1288]
Box_id: 5912
[176, 272, 186, 290]
[171, 269, 183, 291]
Box_id: 5923
[250, 100, 303, 179]
[275, 108, 316, 171]
Box_id: 5944
[1689, 226, 1718, 262]
[1675, 226, 1698, 255]
Box_id: 5946
[664, 207, 682, 243]
[670, 200, 691, 234]
Box_id: 5963
[607, 311, 734, 446]
[664, 222, 812, 409]
Box_id: 5993
[654, 615, 707, 677]
[682, 582, 741, 658]
Box_id: 6086
[75, 115, 109, 159]
[96, 126, 120, 155]
Box_id: 6111
[63, 129, 94, 174]
[73, 134, 99, 178]
Box_id: 6116
[822, 47, 850, 77]
[840, 38, 866, 76]
Box_id: 6131
[160, 142, 207, 215]
[191, 154, 229, 219]
[612, 82, 662, 165]
[630, 105, 677, 175]
Box_id: 6150
[334, 418, 367, 467]
[351, 410, 383, 465]
Box_id: 6193
[3201, 694, 3623, 1287]
[3079, 565, 3436, 1023]
Box_id: 6233
[1942, 1044, 1977, 1098]
[1973, 1068, 2018, 1130]
Box_id: 6247
[340, 883, 471, 1053]
[316, 912, 436, 1059]
Box_id: 6278
[430, 386, 444, 409]
[425, 385, 437, 403]
Box_id: 6294
[463, 370, 485, 402]
[478, 383, 499, 410]
Box_id: 6362
[109, 1153, 213, 1299]
[44, 1215, 172, 1376]
Box_id: 6367
[5545, 2625, 6034, 3160]
[5818, 2898, 6188, 3399]
Box_id: 6371
[2314, 1294, 2442, 1454]
[2386, 1260, 2498, 1395]
Box_id: 6412
[570, 356, 593, 384]
[580, 348, 596, 373]
Box_id: 6438
[767, 112, 815, 175]
[748, 132, 786, 184]
Box_id: 6440
[726, 336, 742, 356]
[718, 341, 733, 363]
[182, 335, 202, 365]
[197, 338, 212, 364]
Box_id: 6470
[249, 247, 333, 355]
[199, 250, 284, 341]
Box_id: 6473
[442, 176, 508, 258]
[444, 142, 508, 224]
Box_id: 6522
[685, 247, 721, 298]
[706, 241, 738, 299]
Box_id: 6552
[398, 376, 436, 445]
[383, 383, 417, 438]
Box_id: 6573
[635, 141, 693, 237]
[615, 158, 671, 236]
Box_id: 6713
[221, 1032, 384, 1248]
[346, 1056, 424, 1174]
Box_id: 6776
[1397, 621, 1430, 665]
[1405, 599, 1431, 635]
Box_id: 6820
[2709, 1334, 2830, 1470]
[2672, 1381, 2763, 1500]
Box_id: 6862
[274, 164, 296, 200]
[288, 176, 304, 200]
Box_id: 6876
[76, 431, 89, 450]
[84, 429, 97, 448]
Box_id: 6881
[59, 545, 83, 578]
[77, 544, 100, 573]
Box_id: 6970
[73, 79, 119, 166]
[77, 131, 111, 177]
Box_id: 7003
[592, 293, 611, 316]
[604, 287, 617, 308]
Box_id: 7008
[2093, 1271, 2168, 1377]
[1698, 1251, 1765, 1339]
[1191, 1253, 1257, 1342]
[1154, 1242, 1225, 1325]
[1670, 1235, 1740, 1315]
[2053, 1245, 2116, 1340]
Box_id: 7046
[439, 468, 456, 505]
[443, 441, 459, 481]
Box_id: 7064
[2316, 659, 2410, 777]
[2382, 679, 2476, 806]
Box_id: 7081
[555, 249, 591, 295]
[570, 242, 600, 278]
Box_id: 7091
[331, 767, 403, 864]
[380, 788, 435, 865]
[814, 761, 870, 844]
[843, 807, 880, 858]
[983, 782, 1036, 854]
[1001, 764, 1049, 826]
Box_id: 7133
[398, 298, 428, 342]
[419, 300, 441, 338]
Box_id: 7170
[852, 450, 905, 523]
[883, 427, 928, 502]
Box_id: 7202
[353, 249, 464, 423]
[252, 178, 403, 378]
Box_id: 7238
[2397, 469, 2490, 592]
[2465, 463, 2517, 548]
Box_id: 7308
[672, 361, 732, 422]
[220, 375, 273, 443]
[657, 347, 704, 417]
[228, 352, 285, 427]
Box_id: 7313
[1243, 120, 1262, 151]
[1237, 108, 1261, 137]
Box_id: 7335
[180, 423, 236, 453]
[215, 416, 254, 447]
Box_id: 7365
[297, 83, 329, 127]
[283, 95, 311, 131]
Box_id: 7374
[929, 126, 1020, 303]
[908, 8, 1019, 252]
Box_id: 7452
[441, 199, 552, 266]
[494, 171, 621, 228]
Box_id: 7486
[369, 330, 404, 375]
[390, 351, 414, 385]
Box_id: 7495
[102, 456, 143, 522]
[127, 454, 156, 503]
Box_id: 7497
[1117, 282, 1140, 314]
[1121, 285, 1144, 311]
Box_id: 7577
[1447, 234, 1529, 365]
[1430, 267, 1468, 314]
Box_id: 7761
[1831, 927, 1874, 974]
[1861, 941, 1890, 988]
Box_id: 7765
[178, 88, 205, 129]
[161, 69, 192, 123]
Box_id: 7789
[619, 223, 640, 254]
[630, 222, 651, 247]
Box_id: 7813
[707, 276, 737, 321]
[693, 281, 715, 317]
Box_id: 7859
[398, 473, 423, 511]
[413, 474, 436, 510]
Box_id: 7945
[125, 73, 163, 131]
[112, 100, 141, 140]
Box_id: 8006
[329, 773, 361, 814]
[328, 768, 354, 807]
Box_id: 8139
[173, 163, 194, 187]
[156, 174, 187, 204]
[139, 207, 169, 246]
[121, 212, 163, 251]
[26, 216, 63, 268]
[17, 205, 51, 256]
Box_id: 8266
[635, 178, 644, 189]
[641, 161, 659, 189]
[779, 160, 794, 186]
[776, 172, 785, 185]
Box_id: 8350
[591, 541, 611, 576]
[607, 541, 634, 587]
Box_id: 8363
[748, 208, 778, 254]
[760, 187, 797, 245]
Box_id: 8443
[1034, 2918, 1200, 3126]
[1089, 2843, 1272, 3072]
Box_id: 8619
[71, 423, 80, 436]
[62, 428, 72, 439]
Box_id: 8750
[1445, 516, 1490, 579]
[1469, 490, 1528, 573]
Box_id: 8861
[888, 407, 915, 452]
[901, 412, 935, 463]
Box_id: 8914
[392, 248, 464, 351]
[356, 296, 436, 410]
Box_id: 8978
[192, 98, 239, 159]
[220, 77, 262, 143]
Box_id: 9045
[528, 191, 544, 214]
[539, 185, 561, 217]
Box_id: 9153
[1142, 799, 1228, 898]
[1114, 833, 1171, 924]
Box_id: 9154
[264, 149, 351, 269]
[303, 130, 378, 227]
Box_id: 9159
[1799, 496, 1854, 583]
[1826, 509, 1877, 584]
Box_id: 9217
[959, 315, 989, 375]
[947, 280, 982, 349]
Box_id: 9295
[531, 250, 543, 283]
[526, 260, 544, 282]
Box_id: 9332
[844, 278, 876, 324]
[857, 270, 886, 304]
[547, 270, 562, 290]
[544, 283, 562, 307]
Box_id: 9351
[1076, 560, 1275, 679]
[1112, 601, 1233, 735]
Box_id: 9367
[273, 289, 565, 651]
[462, 173, 729, 576]
Box_id: 9389
[2281, 710, 2429, 897]
[2303, 685, 2412, 844]
Box_id: 9501
[712, 223, 751, 278]
[735, 229, 763, 275]
Box_id: 9560
[90, 104, 120, 143]
[109, 100, 135, 136]
Box_id: 9574
[338, 352, 366, 392]
[352, 352, 371, 384]
Box_id: 9584
[573, 182, 660, 333]
[520, 63, 613, 371]
Box_id: 9592
[591, 140, 654, 218]
[615, 143, 660, 214]
Box_id: 9613
[1551, 1789, 1664, 1915]
[656, 1927, 798, 2136]
[618, 1923, 754, 2077]
[1515, 1724, 1612, 1837]
Box_id: 9625
[146, 252, 196, 318]
[132, 261, 189, 374]
Box_id: 9626
[5, 82, 24, 113]
[15, 98, 31, 118]
Box_id: 9631
[218, 298, 259, 354]
[241, 300, 273, 351]
Box_id: 9665
[732, 581, 790, 667]
[726, 549, 805, 638]
Box_id: 9688
[168, 308, 285, 484]
[241, 346, 307, 432]
Box_id: 9725
[1426, 1029, 1463, 1088]
[1399, 1011, 1433, 1064]
Box_id: 9814
[422, 677, 554, 907]
[804, 334, 896, 455]
[846, 363, 918, 471]
[505, 636, 588, 831]
Box_id: 9833
[1513, 1210, 1614, 1362]
[1547, 1200, 1699, 1402]
Box_id: 9837
[673, 223, 707, 287]
[644, 215, 682, 276]
Box_id: 9843
[1094, 301, 1108, 336]
[1101, 295, 1116, 328]
Box_id: 9913
[153, 727, 167, 758]
[156, 721, 170, 738]
Box_id: 9932
[588, 378, 602, 395]
[598, 377, 610, 394]
Box_id: 9960
[1536, 1943, 1634, 2089]
[1556, 1889, 1656, 2009]
Box_id: 10006
[605, 825, 613, 855]
[610, 819, 621, 842]
Box_id: 10075
[318, 278, 360, 334]
[342, 267, 373, 309]
Box_id: 10103
[760, 220, 795, 273]
[780, 226, 809, 267]
Box_id: 10117
[856, 227, 940, 373]
[836, 275, 889, 386]
Box_id: 10160
[709, 197, 831, 370]
[776, 262, 906, 434]
Box_id: 10315
[132, 458, 144, 479]
[138, 458, 155, 481]
Box_id: 10341
[241, 76, 252, 106]
[235, 58, 254, 92]
Box_id: 10609
[307, 339, 331, 366]
[304, 351, 321, 377]
Box_id: 10633
[140, 485, 183, 555]
[171, 483, 205, 546]
Box_id: 10679
[803, 252, 822, 271]
[815, 240, 833, 263]
Box_id: 10797
[105, 413, 213, 567]
[170, 405, 243, 504]
Box_id: 10820
[499, 592, 603, 716]
[547, 567, 633, 680]
Box_id: 10823
[683, 76, 724, 133]
[662, 97, 697, 147]
Box_id: 10857
[634, 915, 731, 1077]
[875, 795, 949, 936]
[616, 887, 686, 1013]
[614, 761, 666, 845]
[615, 745, 654, 806]
[872, 795, 920, 857]
Box_id: 10903
[515, 983, 579, 1053]
[559, 986, 641, 1073]
Box_id: 10958
[88, 176, 112, 210]
[103, 196, 116, 212]
Box_id: 10960
[294, 146, 374, 199]
[313, 152, 358, 225]
Box_id: 10969
[679, 261, 748, 353]
[663, 277, 718, 346]
Box_id: 11082
[338, 533, 362, 569]
[332, 554, 351, 581]
Box_id: 11089
[329, 37, 374, 107]
[304, 10, 353, 79]
Box_id: 11099
[3053, 2053, 3100, 2130]
[3026, 2041, 3075, 2112]
Box_id: 11192
[253, 92, 395, 270]
[347, 63, 441, 195]
Box_id: 11198
[466, 553, 531, 660]
[503, 591, 572, 683]
Box_id: 11210
[159, 225, 182, 254]
[164, 207, 186, 237]
Box_id: 11238
[526, 186, 548, 244]
[511, 178, 551, 225]
Box_id: 11309
[415, 231, 440, 268]
[405, 230, 428, 276]
Box_id: 11358
[1949, 1278, 2008, 1372]
[1975, 1278, 2043, 1385]
Box_id: 11409
[1056, 629, 1184, 832]
[1012, 665, 1096, 783]
Box_id: 11433
[630, 241, 644, 258]
[630, 254, 645, 274]
Box_id: 11439
[521, 133, 561, 194]
[539, 139, 577, 208]
Box_id: 11441
[811, 2, 846, 71]
[834, 29, 873, 100]
Box_id: 11506
[1353, 350, 1415, 437]
[1387, 322, 1452, 403]
Box_id: 11555
[1731, 386, 1894, 586]
[1778, 300, 1901, 513]
Box_id: 11596
[44, 574, 61, 595]
[49, 582, 67, 604]
Box_id: 11607
[843, 414, 854, 428]
[839, 401, 849, 420]
Box_id: 11612
[218, 414, 244, 448]
[234, 420, 256, 448]
Box_id: 11623
[1142, 314, 1164, 348]
[1117, 283, 1157, 343]
Box_id: 11654
[925, 117, 943, 141]
[907, 118, 929, 144]
Box_id: 11697
[350, 261, 421, 421]
[397, 224, 455, 375]
Box_id: 11754
[432, 421, 455, 457]
[447, 430, 459, 450]
Box_id: 11756
[1034, 137, 1077, 202]
[1025, 155, 1057, 195]
Box_id: 11802
[587, 105, 606, 140]
[595, 106, 613, 144]
Box_id: 11921
[911, 188, 948, 231]
[926, 166, 959, 207]
Box_id: 12074
[329, 282, 379, 337]
[316, 309, 355, 355]
Box_id: 12083
[206, 195, 223, 216]
[217, 195, 236, 226]
Box_id: 12105
[289, 155, 321, 218]
[310, 157, 331, 202]
Box_id: 12259
[216, 146, 301, 251]
[249, 169, 331, 281]
[626, 163, 709, 307]
[600, 181, 667, 289]
Box_id: 12264
[222, 706, 247, 740]
[210, 710, 233, 748]
Box_id: 12297
[961, 129, 1029, 249]
[907, 103, 993, 230]
Box_id: 12486
[349, 360, 386, 417]
[317, 352, 362, 424]
Box_id: 12514
[1020, 420, 1039, 463]
[1015, 422, 1027, 448]
Box_id: 12583
[552, 154, 581, 198]
[548, 138, 572, 176]
Box_id: 12647
[588, 568, 600, 583]
[595, 561, 606, 576]
Box_id: 12720
[889, 441, 922, 486]
[907, 435, 934, 472]
Box_id: 12778
[2895, 2010, 2967, 2163]
[2942, 2053, 2980, 2198]
Box_id: 12781
[726, 294, 770, 346]
[709, 269, 744, 344]
Box_id: 12797
[1292, 285, 1308, 312]
[1280, 293, 1297, 317]
Box_id: 12828
[3803, 833, 4022, 1144]
[3732, 857, 3914, 1096]
Box_id: 12908
[765, 116, 803, 168]
[749, 116, 778, 168]
Box_id: 12947
[95, 272, 135, 326]
[114, 297, 143, 342]
Box_id: 12967
[133, 471, 159, 516]
[124, 474, 158, 524]
Box_id: 12990
[959, 547, 980, 575]
[950, 560, 972, 582]
Box_id: 13030
[372, 47, 422, 166]
[360, 84, 414, 154]
Box_id: 13075
[113, 415, 124, 431]
[122, 409, 134, 430]
Box_id: 13175
[186, 273, 220, 316]
[209, 279, 234, 311]
Box_id: 13178
[517, 214, 536, 243]
[507, 221, 526, 244]
Box_id: 13191
[774, 245, 790, 267]
[783, 230, 805, 260]
Box_id: 13297
[487, 266, 526, 323]
[516, 294, 542, 323]
Box_id: 13494
[510, 216, 574, 298]
[496, 182, 566, 263]
Box_id: 13607
[202, 116, 258, 204]
[247, 140, 296, 216]
Box_id: 13639
[1874, 295, 2059, 558]
[1847, 268, 2010, 509]
Box_id: 13681
[836, 142, 1061, 428]
[965, 74, 1121, 354]
Box_id: 13825
[208, 179, 260, 252]
[236, 185, 299, 268]
Box_id: 13853
[665, 556, 683, 581]
[656, 545, 672, 573]
Box_id: 13873
[668, 368, 686, 394]
[682, 372, 695, 392]
Box_id: 13992
[141, 585, 155, 606]
[148, 596, 163, 613]
Box_id: 14278
[2453, 982, 2536, 1083]
[2465, 858, 2588, 1062]
Box_id: 14315
[538, 195, 786, 603]
[665, 163, 897, 460]
Box_id: 14418
[299, 198, 346, 266]
[282, 179, 327, 248]
Box_id: 14447
[116, 509, 409, 923]
[278, 420, 467, 780]
Box_id: 14489
[53, 135, 70, 158]
[61, 128, 82, 155]
Box_id: 14522
[580, 89, 628, 149]
[592, 46, 652, 131]
Box_id: 14540
[422, 217, 462, 269]
[447, 220, 480, 266]
[530, 213, 558, 268]
[537, 230, 570, 272]
[886, 232, 926, 270]
[888, 258, 926, 310]
[943, 249, 979, 292]
[961, 240, 995, 284]
Box_id: 14674
[476, 743, 495, 771]
[462, 741, 483, 764]
Box_id: 14682
[811, 270, 853, 342]
[814, 246, 854, 318]
Box_id: 14685
[233, 704, 249, 721]
[225, 700, 240, 718]
Box_id: 14687
[1214, 459, 1246, 510]
[1192, 459, 1228, 502]
[1087, 465, 1119, 510]
[1070, 474, 1102, 517]
[993, 443, 1024, 487]
[984, 432, 1011, 472]
[385, 479, 409, 511]
[374, 480, 397, 507]
Box_id: 14692
[478, 102, 521, 155]
[489, 84, 541, 155]
Box_id: 14694
[227, 132, 268, 189]
[252, 143, 288, 192]
Box_id: 14697
[462, 103, 476, 152]
[452, 112, 477, 155]
Box_id: 14740
[1445, 1520, 1563, 1676]
[1474, 1597, 1565, 1719]
Box_id: 14782
[816, 232, 893, 335]
[786, 170, 866, 284]
Box_id: 14787
[709, 497, 846, 631]
[734, 531, 842, 676]
Box_id: 14797
[77, 117, 125, 190]
[100, 138, 137, 189]
Box_id: 14835
[1058, 232, 1083, 295]
[1040, 231, 1067, 277]
Box_id: 14855
[399, 158, 407, 169]
[398, 149, 405, 160]
Box_id: 14919
[930, 223, 947, 248]
[926, 232, 948, 261]
Box_id: 14999
[3907, 556, 3983, 645]
[3956, 574, 3999, 683]
